T00|T01|T02|T03|T04|doc_id
0.016155284444135515|0.9369299913874568|0.015578005480298184|0.01579235298835387|0.015544365699755652|0
0.4788533067156154|0.4467657159454217|0.004137986471134543|0.004172728288975029|0.06607026257885336|1
0.14273421911758577|0.8561523047438792|0.0003666256424258251|0.00037034552608191453|0.00037650497002736583|2
0.0020429342640489625|0.026309727537530265|0.9152278718023892|0.05439438692102628|0.0020250794750053436|3
0.022635251087516416|0.023357859143802857|0.5263218095615376|0.4052834193056811|0.022401660901461836|4
0.25306697631030717|0.7330630662772107|0.0046053097130302045|0.00463827680975739|0.004626370889694514|5
0.15021636852250564|0.6010138756665379|0.0039685646339819155|0.00397356175487097|0.24082762942210367|6
0.6552754461276522|0.1886583005158862|0.011193032737093489|0.1335955812111958|0.011277639408172422|7
0.712895304098186|0.003033077892022098|0.003035990077109507|0.27799800656834883|0.0030376213643337566|8
0.2823176531463579|0.015570083928333027|0.01547645093292172|0.1466585090720384|0.539977302920349|9
0.41331007104959216|0.05164281550990337|0.05043088721649686|0.05172493969418659|0.4328912865298211|10
0.01842876982096779|0.4435305787287647|0.5013504397315522|0.01830607332027007|0.01838413839844509|11
0.9323942474986967|0.01702080996881786|0.01687946267068283|0.01687334809738895|0.01683213176441352|12
0.003860513944783687|0.6035864721434042|0.0038554287877789976|0.0038207799618985355|0.3848768051621346|13
0.015475527841939351|0.2614625650386537|0.015592897414599|0.015511437978890995|0.6919575717259169|14
0.20678888402600476|0.010035511750015545|0.10997393375743472|0.6635366295743393|0.009665040892205582|15
0.01069746121752412|0.6582046838344892|0.21457222803966106|0.010968521899143316|0.10555710500918226|16
0.9591314203124556|0.010170142436960215|0.010231509098495913|0.010345642528470103|0.010121285623618213|17
0.46374656814028525|0.014550226414098406|0.01471994632087763|0.4925931686078905|0.01439009051684827|18
0.9810404431677604|0.004698300695584485|0.00470858979304053|0.004859192900729845|0.0046934734428845755|19
0.5604993452725354|0.050317594618055864|0.05008870033479277|0.05055860892446158|0.28853575085015437|20
0.7826472190121518|0.18962988944687525|0.009291322866416735|0.009157780132958041|0.00927378854159827|21
0.9462388072826171|0.013491816198303624|0.013418769418327123|0.013412229602120268|0.013438377498631896|22
0.9375750777025872|0.015581094159240829|0.015495362961826279|0.015567338223128764|0.01578112695321698|23
0.013619089211519653|0.2560483159312962|0.1527826462099209|0.5640050204492331|0.013544928198030177|24
0.008249476290620722|0.008052150962410565|0.008032534458493695|0.967401528702238|0.008264309586237155|25
0.03399006905500988|0.03384254262803656|0.035036108069782954|0.8635478479249061|0.033583432322264434|26
0.8972974584420376|0.004458040369784095|0.08935758524438242|0.0044838530754908205|0.004403062868304957|27
0.6318363172632363|0.017466818334166554|0.3167303035579729|0.016914288525950675|0.01705227231867349|28
0.9660160190920967|0.00849078581390885|0.00858259253960437|0.00845012387006394|0.008460478684326056|29
0.004475740007525608|0.9822706594444455|0.004385284677880921|0.0044002642767448545|0.00446805159340308|30
0.45154704174281945|0.4878694659171213|0.02034186190753443|0.0201705704256599|0.020071060006864868|31
0.4473096929143758|0.013988206729182943|0.013745491054085119|0.23383195837321444|0.2911246509291417|32
0.23450625204255535|0.6147356044471832|0.021814006863423545|0.037745774009210344|0.09119836263762755|33
0.017215310855468215|0.01677582829670487|0.01671855020565064|0.9324009741581537|0.01688933648402245|34
0.06913724258239475|0.7268128021598436|0.0677949330887099|0.06830098053749484|0.06795404163155709|35
0.20818723037202908|0.5135325018127889|0.2746538668655225|0.0018002718872706632|0.001826129062388978|36
0.006802820369542172|0.07080655653857018|0.0067108669239442165|0.006767141247737676|0.9089126149202057|37
0.9646641491389922|0.00874441438758916|0.008763904538213645|0.00901465556951186|0.008812876365693325|38
0.13288132620021154|0.10993354563293017|0.46818049713736504|0.003511837921823793|0.2854927931076694|39
0.0505219428583084|0.7403496274101495|0.002028875913307636|0.13960309081755864|0.06749646300067583|40
0.28493207925138464|0.018347650903054083|0.01827287163828525|0.660075467738336|0.01837193046893995|41
0.8498045509563797|0.1276434346505135|0.00748681793424863|0.007477617114166768|0.007587579344691378|42
0.012405758754572059|0.012025719803149289|0.01182841232720351|0.01186338758704637|0.9518767215280287|43
0.9322959141891753|0.016869155229153394|0.016938957184683988|0.016814213022405763|0.017081760374581513|44
0.4971970576444234|0.2124325006598899|0.006382963968712448|0.006378709777704948|0.2776087679492694|45
0.2778375113473243|0.6671569965593331|0.018440112958183364|0.01827727846760398|0.018288100667555235|46
0.01282162870808954|0.012960477865177468|0.012677007970627522|0.012878565628219853|0.9486623198278855|47
0.562957024277303|0.025440570434808657|0.025274375102402675|0.02629398311043864|0.36003404707504716|48
0.9321588201652964|0.016831741396150592|0.01724011268879718|0.016782518026802334|0.016986807722953377|49
0.1363375766682021|0.008060382628954896|0.00810827537407127|0.32582150541961014|0.5216722599091617|50
0.2284709808877389|0.7098115946803703|0.006989895258545169|0.04755588562694705|0.0071716435463985975|51
0.652551316663568|0.021412303497161986|0.020984742767298503|0.02024882173926654|0.2848028153327049|52
0.7616054648836265|0.23471302792131948|0.0012301697658295167|0.0012234884213239803|0.00122784900790053|53
0.6610273572271026|0.014424331402577192|0.29554124588933783|0.014522305960092456|0.01448475952088985|54
0.006678605190321393|0.006629150005741109|0.006533950507473739|0.5898286056635791|0.39032968863288475|55
0.8531513815079926|0.13013438746781256|0.0012584762771027395|0.014221106585368135|0.0012346481617237846|56
0.48778990756572504|0.41446907493596047|0.08152168803728756|0.01506973998548988|0.001149589475536834|57
0.0033394697826478995|0.003313917223833131|0.003311602723894955|0.003364459110144966|0.986670551159479|58
0.7748948651638085|0.016981966511592273|0.17370427263089547|0.017138965825530532|0.0172799298681732|59
0.07912960953112744|0.001589092544517675|0.0015702966179117145|0.0015504831705518982|0.9161605181358914|60
0.1692803813547046|0.5228762286876215|0.04523400745780653|0.006586436893141273|0.25602294560672606|61
0.02615333194279066|0.896513088428793|0.025773834255191145|0.026099853502306328|0.02545989187091894|62
0.058435860284128116|0.23847045731870853|0.249022773133607|0.0035291678530726947|0.45054174141048364|63
0.6404118128558723|0.3276562930782424|0.010669791789719793|0.010575814794307376|0.010686287481857917|64
0.008147447785937942|0.1500301431069907|0.0077451681450541494|0.8261902204836694|0.007887020478347818|65
0.16305819460295984|0.0010142746316180984|0.0010244316540096768|0.6631523964889742|0.1717507026224383|66
0.025536060200701184|0.8982752156390371|0.025543363468362|0.02535276908403754|0.025292591607862243|67
0.977221987518829|0.005735398640684412|0.00563538360878487|0.005656300313219519|0.005750929918482312|68
0.010151006124156186|0.010192832008429076|0.010159108062538415|0.9592740132980965|0.010223040506779923|69
0.012569594471591151|0.01254028591184188|0.012524985735328254|0.012520563775248711|0.94984457010599|70
0.6364321348346897|0.2990581840139599|0.058996445680263826|0.0027346512373810283|0.002778584233705683|71
0.025090813119512993|0.025151596050108898|0.0251791742179227|0.8993098225447987|0.025268594067656698|72
0.9632108056549571|0.00933850573452788|0.009151037588512545|0.009156887365445673|0.009142763656556705|73
0.9843323220896926|0.0038207264011525656|0.0038009100878017583|0.003965638325638514|0.004080403095714584|74
0.3449196976933659|0.6358270276793184|0.006382695809284278|0.006542830403444378|0.006327748414587004|75
0.008414919773818781|0.008399435997850426|0.008358658409519158|0.6167023867375458|0.35812459908126576|76
0.9316532081822131|0.017405295396591382|0.017043978482132637|0.016914642794571288|0.016982875144491465|77
0.46761926900440615|0.16809554372817365|0.228859202116309|0.00565944205026604|0.12976654310084526|78
0.33065702616449894|0.015695285282198036|0.14538605493089962|0.1669730391767031|0.3412885944457004|79
0.010164517560335665|0.6568941248839919|0.010279357440823068|0.01010130098217711|0.31256069913267237|80
0.5613723160915175|0.3135598259864807|0.11174934124802331|0.006770779943833972|0.006547736730144553|81
0.8384717374690916|0.04103876929478161|0.040481687568629555|0.040000072759683765|0.04000773290781333|82
0.007686852928504226|0.9697274474569468|0.007502718125220026|0.007542317052604207|0.007540664436724705|83
0.5087843702126674|0.005320309675678928|0.0053358362082146765|0.47509270456478486|0.005466779338654103|84
0.5606535653419983|0.42273667077767096|0.0055235420049928995|0.005501985877136208|0.005584235998201606|85
0.020645742185866147|0.020376205337617682|0.02073323679718185|0.02025175548193198|0.9179930601974023|86
0.4402928303826967|0.539898292521538|0.006559308829492117|0.006584123076434794|0.006665445189838482|87
0.9515613014452285|0.01224397155759864|0.01201258042402037|0.0119327846870963|0.012249361886056196|88
0.9552256129736708|0.011260807460457314|0.011133009247174277|0.01122008119423141|0.011160489124466199|89
0.7350806897242778|0.02914123037292174|0.029130583336807132|0.02875759096219066|0.17788990560380258|90
0.15694834948746453|0.006827096353072634|0.15204017674851344|0.6773883989806974|0.006795978430251986|91
0.5372485125783392|0.4077466326962812|0.01826593888375884|0.018385827978170656|0.018353087863450128|92
0.5689567138159847|0.23877368599744644|0.1867419697225806|0.002758747312147502|0.002768883151840785|93
0.6951753155752264|0.13605601134355116|0.002733603837916267|0.0027601604513428674|0.16327490879196313|94
0.9719841804772164|0.007022876675203961|0.00699411316899574|0.007008159017881214|0.006990670660702654|95
0.6114947970918955|0.010300098299448624|0.17907243650339924|0.1889818940633286|0.010150774041927923|96
0.00879216847819551|0.834603862068008|0.13868418886153955|0.008804586999578411|0.009115193592678547|97
0.23472743028397966|0.0017366022784575253|0.0017906824259134935|0.5894722721183409|0.17227301289330843|98
0.009219171035399543|0.009227732414957569|0.00916960092116782|0.9630719659464596|0.00931152968201546|99
0.8287990232036638|0.010682517110831501|0.010664964602013868|0.13920431129471963|0.010649183788771424|100
0.11569480438635633|0.20920924497501492|0.0047034556993826625|0.004682826702183824|0.6657096682370623|101
0.7413849630549565|0.016832192963026026|0.20834524939148036|0.016726086050343064|0.016711508540193903|102
0.21238535286977506|0.12607367778054632|0.004749558645372567|0.31069961477885544|0.3460917959254507|103
0.5222463511549627|0.1600000872314795|0.298252269767889|0.009762386702711257|0.00973890514295766|104
0.05006091406596256|0.4971476400213795|0.05384317248169212|0.34831042915316274|0.05063784427780303|105
0.014707138918413125|0.7728409680412812|0.01439293019567909|0.18357649951286542|0.014482463331761158|106
0.307081128863183|0.0033163320433514535|0.003223008292408077|0.34722929379102946|0.33915023701002806|107
0.3166961563742598|0.008800872801129431|0.008842830260262351|0.6568620658806165|0.008798074683731942|108
0.8474967311629998|0.06810606846760603|0.002219878072347799|0.07994143832334091|0.002235883973705365|109
0.9061015859741991|0.004515010333620163|0.004548169181404018|0.08046330651458135|0.004371927996195249|110
0.5022858911581978|0.30466907277056726|0.018304143309476266|0.018419998954968337|0.1563208938067903|111
0.008467447925311315|0.895246927272015|0.008470653042872882|0.008849492314512541|0.07896547944528821|112
0.03355812109900159|0.03353248301611807|0.033405020893172876|0.03354790593417873|0.8659564690575287|113
0.008401674935265308|0.008060913490569978|0.008185001360441153|0.3736999980833747|0.6016524121303489|114
0.8645416911098613|0.033665297689096804|0.034177147973601586|0.03391366689550011|0.03370219633194023|115
0.01146723153577745|0.6974713803913504|0.011350027006335733|0.011234612624966096|0.2684767484415704|116
0.3687310724526021|0.5679029506417194|0.002953568250261352|0.0029595444305278045|0.05745286422488916|117
0.02552877002181756|0.025314113706865402|0.025429579684387436|0.02529714817650787|0.8984303884104218|118
0.059312781829566036|0.028785001839301685|0.13528597064747167|0.73224129504296|0.04437495064070058|119
0.18276991011097415|0.007317313806500722|0.7952982826414865|0.0073034339244701105|0.007311059516568494|120
0.8755616344276977|0.009879000710792374|0.009712180961658946|0.00972770742136973|0.09511947647848129|121
0.6116401737691981|0.014716336276751708|0.014384370862925863|0.3449023943505927|0.014356724740531686|122
0.9706051205436507|0.0072298602263464245|0.007265481694368443|0.00743178963838569|0.007467747897248694|123
0.9311730475420249|0.002246126601956095|0.06214673324408325|0.002212527896753209|0.0022215647151823175|124
0.526381220512221|0.025173930609070114|0.025202664592991388|0.39813297229302147|0.025109211992696015|125
0.05102450039611496|0.05008261009664306|0.05006377261881266|0.797769283463063|0.051059833425366324|126
0.2894652012628433|0.7063779724257004|0.0013914102355944648|0.001399452325819478|0.0013659637500424457|127
0.04102976467332919|0.5789378963432004|0.040534883596276015|0.29784066732014786|0.041656788067046494|128
0.11202679908732743|0.7907978645105189|0.08971561346894695|0.003751977151103637|0.003707745782103022|129
0.9383602694418305|0.05751074238104213|0.0013876214668043058|0.001363791962767813|0.0013775747475552992|130
0.2286654428404237|0.7610631011646125|0.009202795317508148|0.0005344449773495203|0.0005342157001062008|131
0.003915919185567515|0.40344259617386063|0.5454728272592945|0.04325548399485828|0.003913173386419042|132
0.26200459035361423|0.6160389664036178|0.040082143888166555|0.04092125095062548|0.040953048403975734|133
0.8671348791697778|0.05301657071504849|0.017782034935308787|0.023817187326996482|0.03824932785286849|134
0.17214694652125348|0.251052095886988|0.15327967874017562|0.019134625964612326|0.40438665288697057|135
0.2501670499304238|0.7458596337967338|0.001322152519943312|0.0013239815969132553|0.0013271821559857515|136
0.4486318862867871|0.30126087263283197|0.17612676649032125|0.07231744239147632|0.0016630321985835047|137
0.8960911785065526|0.00040236225948729837|0.005712375758408582|0.0973885847564864|0.0004054987190651967|138
0.30395932677024384|0.49424862528981656|0.0735989293297244|0.0015856470056043346|0.126607471604611|139
0.0009120468417890172|0.7751962156178424|0.034581653997262936|0.0008993391355316728|0.188410744407574|140
0.9976788521085126|0.0005740350099415414|0.0005851103383994241|0.0005783439714732305|0.0005836585716733495|141
0.47189440804107696|0.00931803115800055|0.10923029877965723|0.00927096344727302|0.4002862985739921|142
0.3521128869107977|0.011904880747796468|0.011887093137372564|0.6122031691763707|0.011891970027662443|143
0.7027987870773375|0.012832442369405235|0.01266972717056935|0.012796695543018825|0.25890234783966903|144
0.8025579008297834|0.14477531647900138|0.046702399128494484|0.002939386377388625|0.0030249971853320234|145
0.07628260503629547|0.0017702421182860335|0.0017523324560229708|0.0017820013290136187|0.9184128190603819|146
0.0014673386156568206|0.7823049492853028|0.0014898118986959436|0.04746369628100778|0.16727420391933664|147
0.6439735172118592|0.0016846244311069037|0.11000299278191705|0.24256806713103188|0.001770798444084898|148
0.013486160909813428|0.78014241837513|0.013441199983776854|0.1795082278139398|0.013421992917339821|149
0.5222953660247408|0.23910287180206916|0.2300731696729693|0.004283504285545486|0.004245088214675327|150
0.9789706614042823|0.005189114078948367|0.005275661827796436|0.00522661640390183|0.0053379462850709275|151
0.980623037500186|0.004810771096080696|0.004796079929015726|0.004962242883060026|0.004807868591657547|152
0.4902017404127415|0.0025988515188694983|0.0026038811529693604|0.17746436615458114|0.32713116076083854|153
0.847446185552779|0.015577079396671824|0.015627894620282794|0.10561640356429496|0.0157324368659715|154
0.36574535134370445|0.018470797499151714|0.08883607624726704|0.018299858635509998|0.5086479162743667|155
0.41381757315388185|0.5485017665152754|0.03653238220243949|0.00056930348320147|0.000578974645201772|156
0.25900385779519824|0.0050560430080613915|0.005031460458234857|0.7257964846179934|0.00511215412051212|157
0.8371301151270368|0.04033107267572987|0.04199546213938688|0.04033043195964508|0.04021291809820135|158
0.2588236692991609|0.006848314996502962|0.5190443564725443|0.006797018436884686|0.20848664079490714|159
0.2730546337581668|0.014354969830063936|0.014477135684886335|0.683317719707873|0.014795541019009989|160
0.3332174614072952|0.005615909415524435|0.00562437065015298|0.005615980557053955|0.6499262779699735|161
0.01585709205258199|0.9368372627089123|0.015781359856811183|0.015809224041226904|0.01571506134046755|162
0.5896069807039964|0.3492975103721265|0.05690972368037164|0.0020839884541309036|0.0021017967893745405|163
0.4290585102015974|0.5471879999259315|0.007850644940528832|0.007933064174121568|0.007969780757820665|164
0.6348245736843121|0.005375190409065942|0.3491008686480547|0.0053450745372529505|0.005354292721314201|165
0.23490817824708457|0.6774344170046456|0.028957912995986827|0.029075045307084994|0.029624446445197978|166
0.8593774780777181|0.07180168904407894|0.0028158969493892586|0.0028140743613155206|0.06319086156749829|167
0.37953818849307913|0.6126057180919416|0.002637586389921208|0.0025884874545346525|0.0026300195705234097|168
0.04032789121176817|0.04013718203556273|0.04011180511724922|0.8391921461871981|0.040230975448221844|169
0.9435148871770427|0.004848452295836754|0.004815666868425004|0.04201998884888013|0.004801004809815334|170
0.7153247995476275|0.07735070275055661|0.19368342204123704|0.006772015897466744|0.006869059763112081|171
0.8599497922701114|0.06728251849943791|0.07072212524358|0.001021328395310872|0.0010242355915598702|172
0.7316772117696894|0.06723480585985536|0.06702084182102723|0.06677816664244186|0.06728897390698625|173
0.9877205992558722|0.003067862153075137|0.0030511690339242257|0.003067513326586698|0.003092856230541701|174
0.08535545051871936|0.004368384856065891|0.90164180223553|0.004308188363036283|0.0043261740266485596|175
0.19355044294738166|0.6546991177541754|0.019391445580203937|0.09998524367747542|0.032373750040763545|176
0.3331627629952978|0.014643658702121518|0.6231894232676127|0.014521405226210161|0.014482749808757725|177
0.0063730760849931055|0.006628600549817799|0.006499242353850248|0.23680452384797032|0.7436945571633685|178
0.26305822011054597|0.0033868404116159678|0.0033704937227865142|0.0033928966065432525|0.7267915491485083|179
0.9029743948246888|0.08516896648362332|0.004018427394322007|0.0038877355491865532|0.003950475748179344|180
0.5580353243507998|0.39733211780963873|0.001388725611732463|0.04187144483806915|0.0013723873897598558|181
0.05785749625536684|0.9212866483633217|0.0009757541424185928|0.018908157881720858|0.0009719433571719225|182
0.5738706928430689|0.19674435952191371|0.01068795486054254|0.2078542692223489|0.010842723552126055|183
0.9259955537492078|0.018280294794842368|0.01830892335486759|0.018472250841972307|0.018942977259109865|184
0.722647787185549|0.23062296936019394|0.015634315576508163|0.015586969387504696|0.015507958490244339|185
0.10448458392168535|0.6413375447024255|0.18810462863571661|0.0013989261055324229|0.06467431663464013|186
0.6509275046064583|0.013679669831730785|0.013465893545679217|0.013442245466144644|0.308484686549987|187
0.005656390407026244|0.0056066863974839525|0.005583040895708404|0.059954428051305964|0.9231994542484754|188
0.013917530273023825|0.013598076865197949|0.013506195667681409|0.9453086484666364|0.013669548727460425|189
0.3756798716620697|0.0014956925465038431|0.0014560719434518583|0.3037603448530049|0.31760801899496965|190
0.8805206910333637|0.052071663448607065|0.06568599105771383|0.0008592512521677839|0.0008624032081477622|191
0.0037801312313526735|0.056451594928137276|0.932464098292324|0.0036917171888790346|0.0036124583593070514|192
0.009218475123067088|0.00920485302952413|0.009255048639229796|0.36929245896303386|0.6030291642451451|193
0.002425611914334937|0.33615589950205976|0.002375642867745523|0.0023717520057896548|0.6566710937100702|194
0.10124514301406654|0.8517277169115661|0.0031112047403782828|0.04084066006258475|0.0030752752714041836|195
0.7654945323774556|0.009254672410150459|0.009275994365288512|0.11072746267435431|0.10524733817275107|196
0.7581463258943489|0.013603549384409247|0.013499858820061087|0.20110016600285863|0.013650099898322218|197
0.4166666508633894|0.5663724101254398|0.005590809612073526|0.005534388204458594|0.005835741194638565|198
0.8809068313704822|0.004243758858762776|0.10635458185634898|0.0042220437052312276|0.004272784209174805|199
0.19800038011109408|0.004137745894522764|0.00422163681976389|0.004126612128359314|0.78951362504626|200
0.6878463610342805|0.003786676498524464|0.22813902082121337|0.03883111663329528|0.041396825012686315|201
0.6072381231170741|0.3328188493952625|0.053519497651268046|0.00321597794942268|0.0032075518869725942|202
0.8848213927322524|0.02893133240469222|0.028609491845065234|0.028945964562218974|0.02869181845577112|203
0.937706454938644|0.015498788953442227|0.015623472037228893|0.015588350360878942|0.015582933709806023|204
0.9018992556350792|0.0893230078462544|0.002952561926304313|0.0028881314864660406|0.002937043105896068|205
0.3094173119843442|0.003742336634590891|0.0037632597638323187|0.5059015401051481|0.17717555151208444|206
0.2147412248603623|0.007068057163285001|0.22196396161938936|0.5492172755848868|0.00700948077207659|207
0.01298987572327806|0.6103470440841449|0.01291365151643402|0.012816625990318065|0.35093280268582494|208
0.4029062798415265|0.15473272908423127|0.4271075020202562|0.007582171458320442|0.007671317595665568|209
0.9321903346179499|0.017210050916280126|0.016956985716633725|0.016938540169264996|0.016704088579871226|210
0.320940438778251|0.28901210601763977|0.004486126076425973|0.0044489624344278625|0.3811123666932554|211
0.43685587238904616|0.007208398247338414|0.007179420822411254|0.007195486460562309|0.5415608220806419|212
0.4678308258527543|0.004419329838891058|0.0044397716379795844|0.34745984893991133|0.17585022373046358|213
0.36812957845926686|0.3614971030446467|0.005845273110452008|0.005604875358680533|0.25892317002695414|214
0.4460942888106029|0.05185655611831875|0.003785346689631241|0.003766706250707289|0.49449710213073983|215
0.020803951247298693|0.020378038283436962|0.020051593667104253|0.918478425882077|0.02028799092008304|216
0.37277334429384973|0.0027381540727645227|0.0027709934228311453|0.6190810201992134|0.0026364880113412363|217
0.08394028699260966|0.00577665779000671|0.005858972935026539|0.005751301893515039|0.898672780388842|218
0.004725761704367212|0.004711517005019318|0.042509824799272|0.94332565391981|0.0047272425715314|219
0.9496101898124184|0.012634817648535895|0.012609363493846873|0.01258130477499499|0.012564324270203783|220
0.04103902386876631|0.8374860559018916|0.04059328989566026|0.04029129088262393|0.04059033945105796|221
0.8994880532238774|0.0069646215474292545|0.00700314939467602|0.07954387941880812|0.00700029641520915|222
0.01589996191067043|0.14802567769891048|0.47680000371444525|0.3435897525705267|0.015684604105447215|223
0.011904735152699266|0.012009244387758973|0.3660676214901345|0.2983693125048617|0.3116490864645456|224
0.6414428357034043|0.2714431776453675|0.028881254532017012|0.02879095963469099|0.029441772484520203|225
0.8844854135411913|0.004857201614376193|0.0048030732972922955|0.004872918932149263|0.10098139261499096|226
0.3279966885246233|0.004206856338709486|0.1088675088779981|0.004194169117567183|0.554734777141102|227
0.6532748491443496|0.01006579684510138|0.01004012424496049|0.010112911804731704|0.3165063179608568|228
0.797268209711432|0.006054968932433834|0.18477575131392054|0.005942184534397296|0.005958885507816324|229
0.702481830597962|0.2757932861797868|0.007266970226010644|0.007257889602628112|0.007200023393612324|230
0.005712981157235774|0.9773239933236467|0.005702741001892879|0.0056699556641024145|0.005590328853122165|231
0.00801642135429222|0.008067254799282676|0.008023246597422536|0.9678109441016273|0.008082133147375336|232
0.10678461135233525|0.49710814075183957|0.00332563702908854|0.0033079365452544293|0.38947367432148206|233
0.010149189529168672|0.33742076850213115|0.010077768998682932|0.6322234095081914|0.010128863461825717|234
0.9899557216846641|0.0025319765592025268|0.0024881889070962797|0.0025189730511201817|0.0025051397979171264|235
0.6187520427872866|0.15475628884961357|0.004272948248848018|0.2180525507481601|0.0041661693660916994|236
0.23640565276602413|0.16486509615290876|0.028178860945929095|0.3883182568321023|0.18223213330303578|237
0.0042489805226724785|0.0041627588690156155|0.0041021979549990045|0.9076447504254938|0.07984131222781908|238
0.25537655216030625|0.45670082121648714|0.27526725308121913|0.006361982871014463|0.006293390670972938|239
0.3280784067078587|0.4025288432893671|0.25608682014651357|0.006620327447157827|0.0066856024091026915|240
0.9187177594019303|0.020244538790057248|0.020067008115812773|0.020619428185984452|0.020351265506215084|241
0.011277169926533076|0.011244516081722052|0.01116735608067075|0.8440922276963693|0.12221873021470481|242
0.5668157531740066|0.11331623711140135|0.2469356755611257|0.06938418497566123|0.003548149177805143|243
0.004318648650187272|0.6218788983201491|0.3653274462444052|0.004247851379278814|0.0042271554059795866|244
0.8372277465979133|0.0401220258705293|0.040325664451339234|0.04000054641033933|0.04232401666987892|245
0.7821654240388446|0.010135862762242319|0.010035796431412383|0.1873522645836688|0.01031065218383207|246
0.9881795513303151|0.0029773415629991903|0.0029388199464141784|0.0029517972926651516|0.0029524898676064784|247
0.3877709581680501|0.0040306655662738725|0.2685936364920588|0.0040044346864977695|0.3356003050871196|248
0.0031398038394154456|0.2819706045481078|0.003147460723854401|0.0031190918867796237|0.7086230390018426|249
0.8078468192452003|0.0983656362309344|0.004890942840293406|0.0048673704252097175|0.08402923125836208|250
0.9779985474065003|0.016527472078063012|0.0018277843893325454|0.0018378168771338956|0.0018083792489701675|251
0.3692750868621611|0.620226382064919|0.0035150489039430448|0.0034910437765485647|0.003492438392428302|252
0.3408401797374892|0.3318964745361692|0.0017620771079878807|0.3237019952837916|0.0017992733345620878|253
0.8894192371983946|0.010106489284760213|0.010108218617211239|0.01008322789727186|0.08028282700236211|254
0.7929680740686982|0.003775945782118571|0.03229897017112338|0.0037163219071127624|0.16724068807094708|255
0.040707874321039214|0.04029580807726644|0.04009363553513039|0.04028541078468491|0.838617271281879|256
0.3390066465046783|0.638277832993685|0.007533868553072835|0.00764994410574894|0.007531707842814908|257
0.923786609930136|0.012179459398241102|0.014346873823940455|0.04892656128257255|0.000760495565110011|258
0.9854068115001662|0.003612268631630678|0.003606579476002571|0.003706719112926928|0.003667621279273622|259
0.6955604275661367|0.27073070032808216|0.011213767696161484|0.011217366674446134|0.011277737735173448|260
0.9518902450211687|0.004628022198076441|0.004580141862700929|0.004600640105725114|0.03430095081232886|261
0.10066424125364735|0.10189685961747169|0.10003523130108843|0.5954001201880004|0.10200354763979216|262
0.01188332154433701|0.11059844890246229|0.011905507756451154|0.012241229175585367|0.8533714926211643|263
0.5026850110392113|0.17054123598009138|0.30625774200569444|0.010179733882148786|0.010336277092854108|264
0.8653503441118416|0.033581709640044796|0.03359362813089461|0.03398138957676191|0.03349292854045694|265
0.1464470493200062|0.007535743327337717|0.12763030872236455|0.09519170789234091|0.6231951907379507|266
0.7468070576494877|0.011425352075746017|0.21902377533484288|0.011503022544804531|0.011240792395118602|267
0.7303269253502592|0.0204998043517535|0.20835733752968685|0.020334184834462123|0.02048174793383836|268
0.174091908161866|0.24815777794954466|0.3046439707790879|0.006004856101396474|0.26710148700810504|269
0.4914050376189513|0.17886100696373697|0.2702403381557364|0.05812940978278363|0.0013642074787916308|270
0.14093996874708822|0.006352934621558541|0.006321424923612581|0.006356161871465799|0.8400295098362749|271
0.6821852980853457|0.02526316805864194|0.2424315176158285|0.025019559027245637|0.025100457212938212|272
0.20960482470778802|0.049394938995490946|0.0050504571285915545|0.48220592682568114|0.2537438523424483|273
0.3360981734284963|0.02256234556113776|0.0222301182121548|0.022496105164635235|0.5966132576335759|274
0.4996868125050137|0.3399268543985269|0.004801617712921045|0.0047363311513808895|0.15084838423215738|275
0.6174251300525895|0.0011884477316354012|0.0011848590702469293|0.14230705421815473|0.2378945089273734|276
0.9217535863239549|0.000969152950635485|0.0009746387089485632|0.06488084624130826|0.011421775775152774|277
0.007748875790471874|0.007754587542101836|0.007726497519542374|0.007757017881076417|0.9690130212668076|278
0.30061879541021896|0.00520939915441499|0.00515412120916274|0.00519083522567175|0.6838268490005316|279
0.4177697426259338|0.015905807348699088|0.5353154880122087|0.015476768942546968|0.015532193070611443|280
0.6521046015634978|0.0876133994578371|0.20737579419961494|0.0019379599097252929|0.05096824486932498|281
0.9855829622308678|0.0035930583886431087|0.0036175024321348634|0.003603051438189773|0.003603425510164343|282
0.9630432902116627|0.009169795582821246|0.009177015160300412|0.009399671778087178|0.009210227267128496|283
0.7714163850259957|0.015751660686225098|0.1815262943627347|0.015688824583570196|0.015616835341474207|284
0.0027994334403455643|0.5677352407401184|0.0028066601629921054|0.04977681408737119|0.37688185156917287|285
0.005232385089322696|0.11251976045973837|0.005275424014367092|0.4939036034664958|0.38306882697007616|286
0.7990197206490697|0.05059386163850565|0.05005110460477686|0.050217666061978|0.05011764704566971|287
0.6767880099847602|0.12031430663887344|0.19616943109048757|0.0034098527771062267|0.0033183995087726586|288
0.021086228181373016|0.7795465747203321|0.02036191811084907|0.020395564925203447|0.15860971406224234|289
0.0146713512898247|0.9418380550998571|0.014470458520723716|0.014541902174225853|0.014478232915368627|290
0.4848416084187888|0.0020462816905249966|0.3468147875097638|0.16425619544238493|0.002041126938537409|291
0.8239000465241607|0.014578742212155356|0.015223957155998632|0.015178571171879743|0.1311186829358055|292
0.5216923979323573|0.1336155077626091|0.0025140257122143353|0.3396637346497026|0.002514333943116621|293
0.572886762791672|0.15067463498282888|0.26847413901745154|0.003979474075248499|0.003984989132798952|294
0.6333761306670342|0.0038383374025869085|0.35516530863936085|0.0038078172239138365|0.003812406067104223|295
0.42223454543938793|0.0803659868125317|0.10568570742404658|0.38755143639257034|0.004162323931463445|296
0.1954291867438979|0.01194448069365097|0.011972508593996511|0.6193452406588081|0.16130858330964631|297
0.00441830282740178|0.004449509696304565|0.7837715976634201|0.004394284095702135|0.20296630571717156|298
0.14393390060733557|0.0069757787259912135|0.0070032175819201795|0.007010865561505899|0.8350762375232471|299
0.1521217978022153|0.8376897060475856|0.0033844831521361142|0.0034281371913214937|0.0033758758067414843|300
0.31894082687198044|0.008407719527673399|0.00838041329441908|0.008415524799864108|0.655855515506063|301
0.15292474735911307|0.009648736024140719|0.08605308380914208|0.7415473827547255|0.009826050052878612|302
0.011006445776052351|0.010612312932094806|0.010617551389712829|0.6730599576218891|0.294703732280251|303
0.6152696332728458|0.04032328437919623|0.04029085606145294|0.2637794592894426|0.04033676699706255|304
0.002764770800962974|0.002748851425681526|0.0027443204973795045|0.0027588022099820767|0.9889832550659939|305
0.5674801573287565|0.17043087823243572|0.2546246606751241|0.0037091780072902804|0.0037551257563933635|306
0.8244629726800718|0.021682170496144012|0.002484949457605226|0.10404878521512936|0.04732112215104961|307
0.321617104077224|0.570062664447738|0.08308128232169294|0.012646242268098242|0.012592706885246947|308
0.2678303840935535|0.4274527189740909|0.011229498437158113|0.011221823474855468|0.282265575020342|309
0.932415973313779|0.01707100682635384|0.01685702595674508|0.0167946730897491|0.016861320813372934|310
0.889041698527447|0.10463563990763956|0.0021008800666666876|0.0021336227968069992|0.0020881587014397835|311
0.005617703678230765|0.874630216234352|0.005487312996203085|0.10862683454159121|0.005637932549622819|312
0.9003235947981074|0.006964734720833609|0.007055587487358455|0.0786547617632404|0.007001321230460163|313
0.39572903357957556|0.6016920746451929|0.0008633670059578778|0.0008541385611854991|0.0008613862080882282|314
0.020073496481963393|0.020177665748106456|0.020135574646387884|0.9195403105641642|0.020072952559378042|315
0.9325492276651819|0.01686580717414822|0.017002087206979176|0.016844660083014086|0.016738217870676676|316
0.32642938187262927|0.007492850065372299|0.2769576570059961|0.3814889812065108|0.0076311298494915365|317
0.0019620979512422077|0.7138159079106232|0.015143944525875343|0.0019336383767570053|0.26714441123550214|318
0.9571804643800748|0.010684435413536413|0.010612481013004863|0.010795838768488851|0.010726780424895093|319
0.8902784726897122|0.0019663776295161797|0.10381716235596292|0.001970441282454367|0.001967546042354273|320
0.2029973200690696|0.5028672207381194|0.20175406931434506|0.08948892653460876|0.0028924633438571832|321
0.11062565348039499|0.772604391183213|0.025320773522641286|0.08903457258820409|0.0024146092255467717|322
0.943671749611674|0.005588762921652762|0.0055867452477056595|0.039554312903686384|0.005598429315281128|323
0.011159002461033438|0.01113935332888695|0.011303094834329423|0.9552206120073005|0.011177937368449714|324
0.3999469020973364|0.0033436301726772703|0.0033128406587639566|0.016165782778851504|0.5772308442923709|325
0.0338361609482691|0.0338039558250645|0.03376285409757446|0.5502068322571774|0.3483901968719146|326
0.003882882676523121|0.2854559230857225|0.6552841500899848|0.0038605988724113253|0.05151644527535837|327
0.7229409459045528|0.0012648188035598686|0.17630692936292489|0.0569236331237373|0.04256367280522522|328
0.006383677308083937|0.633064070688901|0.006282405568095858|0.006424587377022256|0.3478452590578968|329
0.12467565251860142|0.354912000639493|0.1623991402543456|0.1530632980661437|0.2049499085214163|330
0.025036268551051285|0.6337386709468861|0.02517135153185476|0.025053604001498943|0.2910001049687089|331
0.7917086751860454|0.003828461330802426|0.1969280789836422|0.003792257255072387|0.003742527244437529|332
0.8086058170014112|0.15910211899291363|0.026514561099105678|0.0028994832886753787|0.0028780196178940327|333
0.6862357468494104|0.009368316782459859|0.2858228429741649|0.009214073011984361|0.009359020381980512|334
0.0227152482735741|0.0025652449466344817|0.0025540304678062574|0.0025753903654828544|0.9695900859465023|335
0.0025642574739442713|0.06878731073997206|0.00255440966955779|0.0025501183364845504|0.9235439037800413|336
0.09146011489707662|0.011514322611918825|0.08946134537488146|0.011359023845694507|0.7962051932704285|337
0.010689079514267683|0.010899797546867977|0.010647199890491739|0.01075274633468295|0.9570111767136897|338
0.002849871725285265|0.0029226135523818687|0.0029135212979595174|0.8044042799672526|0.18690971345712074|339
0.9708133388060459|0.007302390842991262|0.007261895737524883|0.0072900396408324755|0.007332334972605363|340
0.02244568514421995|0.02250094929932308|0.022388135410585326|0.910351843503035|0.02231338664283681|341
0.23506709681113205|0.1403177852183052|0.2837748855030401|0.33962122040383075|0.0012190120636919124|342
0.8054769280386249|0.16891177685064854|0.008426802626609482|0.008431563572509376|0.00875292891160775|343
0.10230570647779785|0.0037724305631378673|0.5553503956191946|0.054929758413674944|0.2836417089261946|344
0.011403370740316271|0.9547708017765036|0.011310291384771914|0.011232141974074154|0.011283394124334031|345
0.31934729472975354|0.03767659092229559|0.0032650354916776854|0.4895979964635313|0.15011308239274193|346
0.293351600009072|0.20275365102429194|0.004145120247436127|0.004302868347736515|0.49544676037146346|347
0.6675058881269037|0.018344959018627285|0.27731046681835475|0.018500558187865616|0.018338127848248852|348
0.00967445036683405|0.009660110071487732|0.079093181081194|0.8919532714192786|0.009618987061205566|349
0.13944169957453767|0.0077688413573983395|0.007775375427283692|0.7599547352314149|0.08505934840936545|350
0.009269998640071817|0.009467464467382683|0.009161313750889171|0.5227368031817505|0.4493644199599059|351
0.4136841986313387|0.531187576456658|0.018412044090358244|0.01831188161615397|0.018404299205491043|352
0.37316747509826254|0.00531371497347545|0.611048812890087|0.0052034595983772355|0.005266537439797707|353
0.020267813040482956|0.020149040656802737|0.020080522976137574|0.02010417085561581|0.9193984524709609|354
0.007909301008414896|0.38465967708264104|0.5916069450684615|0.007833227409125225|0.007990849431357498|355
0.008752845037975583|0.008721399813591093|0.008786041172433222|0.8430003609926918|0.13073935298330838|356
0.25245477522762516|0.013585134555763762|0.013415363571971746|0.7071096897503957|0.01343503689424365|357
0.008485504003899745|0.008596735694346037|0.00853500409983357|0.00845701122624885|0.9659257449756719|358
0.16819168593432543|0.3690028125299698|0.3618972012929805|0.09470526054619795|0.006203039696526219|359
0.005064720839091218|0.6924116031688505|0.005233996004728797|0.005065039842217575|0.292224640145112|360
0.0056866990175657986|0.0056383322982239015|0.0055953858049990835|0.40662281426119834|0.576456768618013|361
0.011425318494308263|0.5193460986060179|0.01131528157821774|0.011198446856856482|0.44671485446459974|362
0.440546891870575|0.0053626242798196595|0.0051672430897118605|0.4032255766289735|0.14569766413091995|363
0.4242386514409107|0.003601737152420759|0.0269739327390009|0.5415607801842145|0.003624898483453127|364
0.020425688932906905|0.5837330980648802|0.02019710945815871|0.020351837579017953|0.3552922659650363|365
0.20811374563536486|0.0024200694496398275|0.021441173445289393|0.002416182782424413|0.7656088286872815|366
0.15993942156900565|0.003636216404966711|0.0036560445452443815|0.6925749251776401|0.14019339230314318|367
0.17396525205388289|0.001912196172866174|0.1125016093897712|0.6787388240404675|0.03288211834301226|368
0.009797227241925202|0.00983787528955148|0.0892286892991463|0.009710621419980754|0.8814255867493963|369
0.8005600612725051|0.16744705607614513|0.01071042054176588|0.01068676931672266|0.010595692792861227|370
0.19610523280860542|0.0053291847985110245|0.005310552944668608|0.0053049925895763276|0.7879500368586386|371
0.7599642689516708|0.01187296381131466|0.011876323547997496|0.20433856655100732|0.011947877138009697|372
0.2574255518566514|0.1956080931193865|0.3265498535942499|0.21332008325187551|0.007096418177836692|373
0.5297279320170596|0.3122913007542226|0.12894768722469482|0.014471100734753566|0.014561979269269392|374
0.013587459051137028|0.013669114810545235|0.013476843657131882|0.013495076191715782|0.94577150628947|375
0.015471215491007063|0.015536526795120598|0.015548887031846393|0.28218735432424086|0.6712560163577851|376
0.9640834203197539|0.009007421794507338|0.009218537530685387|0.008762887176536876|0.008927733178516715|377
0.006972116306100602|0.006938689661258986|0.006915874091805783|0.006959894306298912|0.9722134256345357|378
0.18923785928565462|0.004815571234339257|0.004806729097225588|0.004827902694814699|0.7963119376879658|379
